
n =

     5

adiabatic evolution
system size #5
energy per site of control target -9.997962e-01
fidelity bound for ground state of control target 9.994905e-01
optimization
                                            First-order      Norm of
 Iter F-count            f(x)  Feasibility   optimality         step
    0       1    1.127395e+00    0.000e+00    1.494e-01
                                            First-order      Norm of
 Iter F-count            f(x)  Feasibility   optimality         step
    0       1    1.052176e+00    0.000e+00    1.752e-01
    1       2    1.097618e+00    0.000e+00    1.639e-01    1.699e-01
                                            First-order      Norm of
 Iter F-count            f(x)  Feasibility   optimality         step
    0       1    1.130267e+00    0.000e+00    4.958e-02
                                            First-order      Norm of
 Iter F-count            f(x)  Feasibility   optimality         step
    0       1    1.177001e+00    0.000e+00    1.439e-01
    1       2    1.007277e+00    0.000e+00    1.692e-01    4.123e-01
    1       2    9.416283e-01    0.000e+00    1.533e-01    3.392e-01
    2       3    8.905385e-01    0.000e+00    1.317e-01    1.144e+00
    1       2    9.657634e-01    0.000e+00    4.084e-02    3.986e-01
    2       3    8.809889e-01    0.000e+00    3.362e-02    3.839e+00
    3       4    7.509796e-01    0.000e+00    3.169e-02    1.457e+00
    3       4    8.716331e-01    0.000e+00    4.048e-02    6.783e+00
    2       4    6.566114e-01    0.000e+00    5.217e-02    2.010e+00
    3       5    4.792270e-01    0.000e+00    6.541e-02    7.349e-01
    2       4    7.458699e-01    0.000e+00    1.902e-01    1.497e+00
    3       5    6.101873e-01    0.000e+00    1.431e-01    4.310e-01
    4       5    6.131259e-01    0.000e+00    4.443e-02    7.310e-01
    4       7    7.698908e-01    0.000e+00    3.543e-02    1.966e+00
    4       6    4.025598e-01    0.000e+00    3.117e-02    4.213e-01
    5       8    5.107466e-01    0.000e+00    1.368e-01    1.053e+00
    6       9    4.527017e-01    0.000e+00    1.295e-01    8.098e-01
    4       8    3.668187e-01    0.000e+00    1.138e-01    1.289e+00
    5       9    2.828780e-01    0.000e+00    5.834e-02    4.610e-01
    5       8    2.740944e-01    0.000e+00    3.824e-02    1.168e+00
    6       9    2.164008e-01    0.000e+00    3.675e-02    8.892e-01
    6      10    2.368654e-01    0.000e+00    1.239e-01    6.662e-01
    7      11    2.121399e-01    0.000e+00    4.645e-02    2.377e-01
    5      10    6.736984e-01    0.000e+00    5.775e-02    1.054e+00
    7      10    1.758417e-01    0.000e+00    1.821e-02    4.158e-01
    8      11    1.563914e-01    0.000e+00    1.926e-02    3.325e-01
    7      10    3.746279e-01    0.000e+00    5.606e-02    6.316e-01
    8      11    3.591420e-01    0.000e+00    1.806e-01    5.155e-01
    6      12    6.560610e-01    0.000e+00    1.831e-01    2.321e+00
    7      13    5.781038e-01    0.000e+00    8.329e-02    1.849e+00
    9      12    3.125133e-01    0.000e+00    2.739e-02    2.796e-01
   10      13    2.897005e-01    0.000e+00    2.688e-02    3.483e-01
    8      12    1.920092e-01    0.000e+00    2.168e-02    2.807e-01
    9      13    1.693203e-01    0.000e+00    7.160e-02    4.846e-01
    9      12    1.260731e-01    0.000e+00    1.837e-02    8.524e-01
   10      13    1.130714e-01    0.000e+00    4.101e-02    7.355e-01
   10      14    1.442273e-01    0.000e+00    7.445e-02    6.001e-01
   11      15    1.289794e-01    0.000e+00    2.494e-02    6.405e-01
    8      14    4.411299e-01    0.000e+00    9.482e-02    1.416e+00
    9      15    3.486602e-01    0.000e+00    2.830e-02    9.563e-01
   11      14    8.811804e-02    0.000e+00    1.077e-02    2.478e-01
   12      15    7.565869e-02    0.000e+00    5.460e-03    3.650e-01
   11      14    2.650477e-01    0.000e+00    3.629e-02    3.750e-01
   12      15    2.310328e-01    0.000e+00    2.781e-02    8.717e-01
   10      16    2.783448e-01    0.000e+00    6.316e-02    1.159e+00
   11      17    1.944583e-01    0.000e+00    1.589e-02    5.567e-01
   12      16    1.195597e-01    0.000e+00    2.440e-02    2.682e-01
   13      17    1.147309e-01    0.000e+00    6.832e-03    2.470e-01
   13      16    7.170829e-02    0.000e+00    1.208e-02    1.877e-01
   14      17    6.834971e-02    0.000e+00    9.647e-03    2.467e-01
   14      18    1.080415e-01    0.000e+00    1.296e-02    5.917e-01
   15      19    1.039219e-01    0.000e+00    1.637e-02    2.106e-01
   12      18    1.600252e-01    0.000e+00    1.509e-02    8.944e-01
   13      19    1.315416e-01    0.000e+00    4.754e-02    5.378e-01
   13      16    2.095403e-01    0.000e+00    1.265e-01    3.499e-01
   14      20    1.134685e-01    0.000e+00    1.397e-02    3.464e-01
   15      21    1.040723e-01    0.000e+00    1.239e-02    3.350e-01
   15      18    6.617192e-02    0.000e+00    4.584e-03    1.753e-01
   16      19    6.394595e-02    0.000e+00    3.318e-03    1.983e-01
   14      19    2.061979e-01    0.000e+00    3.715e-02    2.426e-01
   15      20    1.953762e-01    0.000e+00    2.442e-02    2.742e-01
   16      20    9.813390e-02    0.000e+00    5.614e-03    3.785e-01
   17      21    9.546646e-02    0.000e+00    1.891e-02    5.035e-01
   16      22    9.523960e-02    0.000e+00    3.128e-02    4.072e-01
   17      23    8.772029e-02    0.000e+00    7.573e-03    3.895e-01
   17      20    6.155471e-02    0.000e+00    1.297e-02    3.524e-01
   18      21    5.933114e-02    0.000e+00    7.035e-03    2.063e-01
   16      21    1.890619e-01    0.000e+00    2.670e-02    1.125e-01
   17      22    1.809736e-01    0.000e+00    1.163e-02    2.106e-01
   18      22    9.221396e-02    0.000e+00    2.528e-02    2.619e-01
   19      23    9.037824e-02    0.000e+00    9.321e-03    7.820e-02
   19      22    5.737432e-02    0.000e+00    3.646e-03    1.409e-01
   20      23    5.557796e-02    0.000e+00    4.259e-03    2.322e-01
   20      24    8.823860e-02    0.000e+00    4.753e-03    2.461e-01
   21      25    8.655354e-02    0.000e+00    6.339e-03    2.332e-01
   18      24    8.345952e-02    0.000e+00    1.036e-02    1.965e-01
   19      25    7.836414e-02    0.000e+00    6.360e-03    3.262e-01
   18      23    1.722725e-01    0.000e+00    1.339e-02    3.903e-01
   19      24    1.651646e-01    0.000e+00    1.512e-02    5.238e-01
   20      26    7.232861e-02    0.000e+00    4.972e-03    6.169e-01
   21      27    6.988275e-02    0.000e+00    1.892e-02    6.235e-01
   21      24    5.441462e-02    0.000e+00    4.072e-03    2.726e-01
   22      25    5.337499e-02    0.000e+00    8.765e-03    1.716e-01
   22      26    8.452673e-02    0.000e+00    1.021e-02    5.110e-01
   23      27    8.347807e-02    0.000e+00    1.292e-02    4.247e-01
   20      25    1.547347e-01    0.000e+00    1.365e-02    2.292e-01
   21      26    1.433505e-01    0.000e+00    1.588e-02    3.924e-01
   22      28    6.631967e-02    0.000e+00    4.963e-03    1.321e-01
   23      29    6.406437e-02    0.000e+00    5.559e-03    1.594e-01
   23      26    5.253652e-02    0.000e+00    3.053e-03    1.907e-01
   24      27    5.156184e-02    0.000e+00    6.519e-03    2.979e-01
   22      27    1.371089e-01    0.000e+00    3.449e-02    4.763e-01
   23      28    1.308834e-01    0.000e+00    1.819e-02    2.560e-01
   24      28    8.259280e-02    0.000e+00    3.291e-03    1.038e-01
   25      29    8.224116e-02    0.000e+00    9.247e-03    4.199e-02
   25      28    5.045032e-02    0.000e+00    3.248e-03    2.630e-01
   26      29    4.953883e-02    0.000e+00    2.108e-03    1.461e-01
   26      30    8.088138e-02    0.000e+00    2.203e-02    2.369e-01
   27      31    7.939857e-02    0.000e+00    2.838e-02    3.571e-01
   24      30    6.113727e-02    0.000e+00    1.043e-02    3.317e-01
   25      31    5.810123e-02    0.000e+00    5.915e-03    4.249e-01
   24      29    1.267528e-01    0.000e+00    1.506e-02    1.437e-01
